{
 "cells": [
  {
   "cell_type": "code",
   "execution_count": 51,
   "metadata": {
    "collapsed": true
   },
   "outputs": [],
   "source": [
    "# Unlike Simple Linear Regression,\n",
    "# Multiple Linear Regression takes more than 2 different independent variables (features)\n",
    "# from the data, and predicts Y which is called Response Variable.\n",
    "\n",
    "# Independet variable = Feature = X varible\n",
    "\n",
    "# Using <scikit-learn> to generate the matrix X for Multiple Linear Regression"
   ]
  },
  {
   "cell_type": "code",
   "execution_count": 52,
   "metadata": {
    "collapsed": true
   },
   "outputs": [],
   "source": [
    "import numpy as np\n",
    "from sklearn import linear_model\n",
    "import pandas as pd\n",
    "from sklearn.metrics import r2_score #R^2 coefficient of determination\n",
    "from sklearn.model_selection import train_test_split"
   ]
  },
  {
   "cell_type": "code",
   "execution_count": 53,
   "metadata": {
    "collapsed": true
   },
   "outputs": [],
   "source": [
    "def main():\n",
    "    data = pd.read_csv(\"ad.csv\", header = 0)\n",
    "    response_var = -1\n",
    "    y_vec = data.ix[:, response_var].as_matrix().reshape(-1,1)\n",
    "    # as_matrix from pandas;\n",
    "    # pandas.DataFrame.ix;\n",
    "    # .ix[] supports mixed integer and label based access. \n",
    "    # Oh, Numpy also has ix!\n",
    "    # numpy.ix(*args)\n",
    "    ## Construc an open mesh from multiple sequences.\n",
    "    ## This function takes N 1-D sequences and return N outputs with\n",
    "    ## N dimensions each.\n",
    "    \n",
    "    ### For the Series object, pandas offers three types of addressing.\n",
    "    ### s.iloc[] -- for inteer position addressing\n",
    "    ### s.loc[] -- for index label addressing\n",
    "    ### s.ix[] -- for a hybrid of integer position and label addressing\n",
    "    \n",
    "    y_label = data.columns[response_var]\n",
    "    \n",
    "    x_label = \", \".join(data.columns[range(1,4)])\n",
    "    x_mat = data.ix[:,range(1,4)].as_matrix().reshape(-1,3)\n",
    "    multi_var_adversiting(x_mat, y_vec, x_label)"
   ]
  },
  {
   "cell_type": "code",
   "execution_count": 54,
   "metadata": {},
   "outputs": [
    {
     "name": "stderr",
     "output_type": "stream",
     "text": [
      "/usr/local/lib/python3.6/site-packages/ipykernel_launcher.py:4: DeprecationWarning: \n",
      ".ix is deprecated. Please use\n",
      ".loc for label based indexing or\n",
      ".iloc for positional indexing\n",
      "\n",
      "See the documentation here:\n",
      "http://pandas.pydata.org/pandas-docs/stable/indexing.html#deprecate_ix\n",
      "  after removing the cwd from sys.path.\n"
     ]
    },
    {
     "ename": "NameError",
     "evalue": "name 'multi_var_adversiting' is not defined",
     "output_type": "error",
     "traceback": [
      "\u001b[0;31m---------------------------------------------------------------------------\u001b[0m",
      "\u001b[0;31mNameError\u001b[0m                                 Traceback (most recent call last)",
      "\u001b[0;32m<ipython-input-54-8cb414d5bba8>\u001b[0m in \u001b[0;36m<module>\u001b[0;34m()\u001b[0m\n\u001b[1;32m     15\u001b[0m \u001b[0;34m\u001b[0m\u001b[0m\n\u001b[1;32m     16\u001b[0m \u001b[0;32mif\u001b[0m \u001b[0m__name__\u001b[0m \u001b[0;34m==\u001b[0m \u001b[0;34m\"__main__\"\u001b[0m\u001b[0;34m:\u001b[0m\u001b[0;34m\u001b[0m\u001b[0m\n\u001b[0;32m---> 17\u001b[0;31m     \u001b[0mmain\u001b[0m\u001b[0;34m(\u001b[0m\u001b[0;34m)\u001b[0m\u001b[0;34m\u001b[0m\u001b[0m\n\u001b[0m",
      "\u001b[0;32m<ipython-input-53-f4813a721c5b>\u001b[0m in \u001b[0;36mmain\u001b[0;34m()\u001b[0m\n\u001b[1;32m     21\u001b[0m     \u001b[0mx_label\u001b[0m \u001b[0;34m=\u001b[0m \u001b[0;34m\", \"\u001b[0m\u001b[0;34m.\u001b[0m\u001b[0mjoin\u001b[0m\u001b[0;34m(\u001b[0m\u001b[0mdata\u001b[0m\u001b[0;34m.\u001b[0m\u001b[0mcolumns\u001b[0m\u001b[0;34m[\u001b[0m\u001b[0mrange\u001b[0m\u001b[0;34m(\u001b[0m\u001b[0;36m1\u001b[0m\u001b[0;34m,\u001b[0m\u001b[0;36m4\u001b[0m\u001b[0;34m)\u001b[0m\u001b[0;34m]\u001b[0m\u001b[0;34m)\u001b[0m\u001b[0;34m\u001b[0m\u001b[0m\n\u001b[1;32m     22\u001b[0m     \u001b[0mx_mat\u001b[0m \u001b[0;34m=\u001b[0m \u001b[0mdata\u001b[0m\u001b[0;34m.\u001b[0m\u001b[0mix\u001b[0m\u001b[0;34m[\u001b[0m\u001b[0;34m:\u001b[0m\u001b[0;34m,\u001b[0m\u001b[0mrange\u001b[0m\u001b[0;34m(\u001b[0m\u001b[0;36m1\u001b[0m\u001b[0;34m,\u001b[0m\u001b[0;36m4\u001b[0m\u001b[0;34m)\u001b[0m\u001b[0;34m]\u001b[0m\u001b[0;34m.\u001b[0m\u001b[0mas_matrix\u001b[0m\u001b[0;34m(\u001b[0m\u001b[0;34m)\u001b[0m\u001b[0;34m.\u001b[0m\u001b[0mreshape\u001b[0m\u001b[0;34m(\u001b[0m\u001b[0;34m-\u001b[0m\u001b[0;36m1\u001b[0m\u001b[0;34m,\u001b[0m\u001b[0;36m3\u001b[0m\u001b[0;34m)\u001b[0m\u001b[0;34m\u001b[0m\u001b[0m\n\u001b[0;32m---> 23\u001b[0;31m     \u001b[0mmulti_var_adversiting\u001b[0m\u001b[0;34m(\u001b[0m\u001b[0mx_mat\u001b[0m\u001b[0;34m,\u001b[0m \u001b[0my_vec\u001b[0m\u001b[0;34m,\u001b[0m \u001b[0mx_label\u001b[0m\u001b[0;34m)\u001b[0m\u001b[0;34m\u001b[0m\u001b[0m\n\u001b[0m",
      "\u001b[0;31mNameError\u001b[0m: name 'multi_var_adversiting' is not defined"
     ]
    }
   ],
   "source": [
    "def ulti_var_advertising(x_mat, y_vec, x_label, rs = 108):\n",
    "    x_train, x_text, y_train, y_text = train_test_split(x_mat, y_vec,\n",
    "                                                        test_size = 0.2,\n",
    "                                                        random_state=rs)\n",
    "    regr = linear_model.LinearRegression()\n",
    "    \n",
    "    reg.fit(x_train, y_train)\n",
    "    predicted_y_text = regr.predict(x_test)\n",
    "    print(\"Independet variables: {}\".format(x_label))\n",
    "    print(\"Coefficients: {}\".format(regr.coef_))\n",
    "    print(\"Intercept: {}\".format(regr.intercept_))\n",
    "    print(\"RSS on test data: {}\".format(np.sum((predicted_y_test - y_test)**2)))\n",
    "    print(\"R^2 on test data: {}\".format(r2_score(y_test, predicted_y_test)))\n",
    "    print()\n",
    "    \n",
    "if __name__ == \"__main__\":\n",
    "    main()"
   ]
  },
  {
   "cell_type": "code",
   "execution_count": 55,
   "metadata": {},
   "outputs": [],
   "source": [
    "from sklearn import datasets"
   ]
  },
  {
   "cell_type": "code",
   "execution_count": 56,
   "metadata": {
    "collapsed": true
   },
   "outputs": [],
   "source": [
    "iris = datasets.load_iris()"
   ]
  },
  {
   "cell_type": "code",
   "execution_count": 57,
   "metadata": {
    "collapsed": true
   },
   "outputs": [],
   "source": [
    "X = iris.data[:, :4]\n",
    "Y = iris.target"
   ]
  },
  {
   "cell_type": "code",
   "execution_count": 58,
   "metadata": {},
   "outputs": [],
   "source": [
    "from sklearn.linear_model import LogisticRegression"
   ]
  },
  {
   "cell_type": "code",
   "execution_count": 59,
   "metadata": {
    "collapsed": true
   },
   "outputs": [],
   "source": [
    "import numpy as np"
   ]
  },
  {
   "cell_type": "code",
   "execution_count": 60,
   "metadata": {
    "collapsed": true
   },
   "outputs": [],
   "source": [
    "def load_data():\n",
    "\treturn datasets.load_iris(return_X_y=True)"
   ]
  },
  {
   "cell_type": "code",
   "execution_count": 61,
   "metadata": {},
   "outputs": [
    {
     "name": "stdout",
     "output_type": "stream",
     "text": [
      "(array([[ 5.1,  3.5,  1.4,  0.2],\n",
      "       [ 4.9,  3. ,  1.4,  0.2],\n",
      "       [ 4.7,  3.2,  1.3,  0.2],\n",
      "       [ 4.6,  3.1,  1.5,  0.2],\n",
      "       [ 5. ,  3.6,  1.4,  0.2],\n",
      "       [ 5.4,  3.9,  1.7,  0.4],\n",
      "       [ 4.6,  3.4,  1.4,  0.3],\n",
      "       [ 5. ,  3.4,  1.5,  0.2],\n",
      "       [ 4.4,  2.9,  1.4,  0.2],\n",
      "       [ 4.9,  3.1,  1.5,  0.1],\n",
      "       [ 5.4,  3.7,  1.5,  0.2],\n",
      "       [ 4.8,  3.4,  1.6,  0.2],\n",
      "       [ 4.8,  3. ,  1.4,  0.1],\n",
      "       [ 4.3,  3. ,  1.1,  0.1],\n",
      "       [ 5.8,  4. ,  1.2,  0.2],\n",
      "       [ 5.7,  4.4,  1.5,  0.4],\n",
      "       [ 5.4,  3.9,  1.3,  0.4],\n",
      "       [ 5.1,  3.5,  1.4,  0.3],\n",
      "       [ 5.7,  3.8,  1.7,  0.3],\n",
      "       [ 5.1,  3.8,  1.5,  0.3],\n",
      "       [ 5.4,  3.4,  1.7,  0.2],\n",
      "       [ 5.1,  3.7,  1.5,  0.4],\n",
      "       [ 4.6,  3.6,  1. ,  0.2],\n",
      "       [ 5.1,  3.3,  1.7,  0.5],\n",
      "       [ 4.8,  3.4,  1.9,  0.2],\n",
      "       [ 5. ,  3. ,  1.6,  0.2],\n",
      "       [ 5. ,  3.4,  1.6,  0.4],\n",
      "       [ 5.2,  3.5,  1.5,  0.2],\n",
      "       [ 5.2,  3.4,  1.4,  0.2],\n",
      "       [ 4.7,  3.2,  1.6,  0.2],\n",
      "       [ 4.8,  3.1,  1.6,  0.2],\n",
      "       [ 5.4,  3.4,  1.5,  0.4],\n",
      "       [ 5.2,  4.1,  1.5,  0.1],\n",
      "       [ 5.5,  4.2,  1.4,  0.2],\n",
      "       [ 4.9,  3.1,  1.5,  0.1],\n",
      "       [ 5. ,  3.2,  1.2,  0.2],\n",
      "       [ 5.5,  3.5,  1.3,  0.2],\n",
      "       [ 4.9,  3.1,  1.5,  0.1],\n",
      "       [ 4.4,  3. ,  1.3,  0.2],\n",
      "       [ 5.1,  3.4,  1.5,  0.2],\n",
      "       [ 5. ,  3.5,  1.3,  0.3],\n",
      "       [ 4.5,  2.3,  1.3,  0.3],\n",
      "       [ 4.4,  3.2,  1.3,  0.2],\n",
      "       [ 5. ,  3.5,  1.6,  0.6],\n",
      "       [ 5.1,  3.8,  1.9,  0.4],\n",
      "       [ 4.8,  3. ,  1.4,  0.3],\n",
      "       [ 5.1,  3.8,  1.6,  0.2],\n",
      "       [ 4.6,  3.2,  1.4,  0.2],\n",
      "       [ 5.3,  3.7,  1.5,  0.2],\n",
      "       [ 5. ,  3.3,  1.4,  0.2],\n",
      "       [ 7. ,  3.2,  4.7,  1.4],\n",
      "       [ 6.4,  3.2,  4.5,  1.5],\n",
      "       [ 6.9,  3.1,  4.9,  1.5],\n",
      "       [ 5.5,  2.3,  4. ,  1.3],\n",
      "       [ 6.5,  2.8,  4.6,  1.5],\n",
      "       [ 5.7,  2.8,  4.5,  1.3],\n",
      "       [ 6.3,  3.3,  4.7,  1.6],\n",
      "       [ 4.9,  2.4,  3.3,  1. ],\n",
      "       [ 6.6,  2.9,  4.6,  1.3],\n",
      "       [ 5.2,  2.7,  3.9,  1.4],\n",
      "       [ 5. ,  2. ,  3.5,  1. ],\n",
      "       [ 5.9,  3. ,  4.2,  1.5],\n",
      "       [ 6. ,  2.2,  4. ,  1. ],\n",
      "       [ 6.1,  2.9,  4.7,  1.4],\n",
      "       [ 5.6,  2.9,  3.6,  1.3],\n",
      "       [ 6.7,  3.1,  4.4,  1.4],\n",
      "       [ 5.6,  3. ,  4.5,  1.5],\n",
      "       [ 5.8,  2.7,  4.1,  1. ],\n",
      "       [ 6.2,  2.2,  4.5,  1.5],\n",
      "       [ 5.6,  2.5,  3.9,  1.1],\n",
      "       [ 5.9,  3.2,  4.8,  1.8],\n",
      "       [ 6.1,  2.8,  4. ,  1.3],\n",
      "       [ 6.3,  2.5,  4.9,  1.5],\n",
      "       [ 6.1,  2.8,  4.7,  1.2],\n",
      "       [ 6.4,  2.9,  4.3,  1.3],\n",
      "       [ 6.6,  3. ,  4.4,  1.4],\n",
      "       [ 6.8,  2.8,  4.8,  1.4],\n",
      "       [ 6.7,  3. ,  5. ,  1.7],\n",
      "       [ 6. ,  2.9,  4.5,  1.5],\n",
      "       [ 5.7,  2.6,  3.5,  1. ],\n",
      "       [ 5.5,  2.4,  3.8,  1.1],\n",
      "       [ 5.5,  2.4,  3.7,  1. ],\n",
      "       [ 5.8,  2.7,  3.9,  1.2],\n",
      "       [ 6. ,  2.7,  5.1,  1.6],\n",
      "       [ 5.4,  3. ,  4.5,  1.5],\n",
      "       [ 6. ,  3.4,  4.5,  1.6],\n",
      "       [ 6.7,  3.1,  4.7,  1.5],\n",
      "       [ 6.3,  2.3,  4.4,  1.3],\n",
      "       [ 5.6,  3. ,  4.1,  1.3],\n",
      "       [ 5.5,  2.5,  4. ,  1.3],\n",
      "       [ 5.5,  2.6,  4.4,  1.2],\n",
      "       [ 6.1,  3. ,  4.6,  1.4],\n",
      "       [ 5.8,  2.6,  4. ,  1.2],\n",
      "       [ 5. ,  2.3,  3.3,  1. ],\n",
      "       [ 5.6,  2.7,  4.2,  1.3],\n",
      "       [ 5.7,  3. ,  4.2,  1.2],\n",
      "       [ 5.7,  2.9,  4.2,  1.3],\n",
      "       [ 6.2,  2.9,  4.3,  1.3],\n",
      "       [ 5.1,  2.5,  3. ,  1.1],\n",
      "       [ 5.7,  2.8,  4.1,  1.3],\n",
      "       [ 6.3,  3.3,  6. ,  2.5],\n",
      "       [ 5.8,  2.7,  5.1,  1.9],\n",
      "       [ 7.1,  3. ,  5.9,  2.1],\n",
      "       [ 6.3,  2.9,  5.6,  1.8],\n",
      "       [ 6.5,  3. ,  5.8,  2.2],\n",
      "       [ 7.6,  3. ,  6.6,  2.1],\n",
      "       [ 4.9,  2.5,  4.5,  1.7],\n",
      "       [ 7.3,  2.9,  6.3,  1.8],\n",
      "       [ 6.7,  2.5,  5.8,  1.8],\n",
      "       [ 7.2,  3.6,  6.1,  2.5],\n",
      "       [ 6.5,  3.2,  5.1,  2. ],\n",
      "       [ 6.4,  2.7,  5.3,  1.9],\n",
      "       [ 6.8,  3. ,  5.5,  2.1],\n",
      "       [ 5.7,  2.5,  5. ,  2. ],\n",
      "       [ 5.8,  2.8,  5.1,  2.4],\n",
      "       [ 6.4,  3.2,  5.3,  2.3],\n",
      "       [ 6.5,  3. ,  5.5,  1.8],\n",
      "       [ 7.7,  3.8,  6.7,  2.2],\n",
      "       [ 7.7,  2.6,  6.9,  2.3],\n",
      "       [ 6. ,  2.2,  5. ,  1.5],\n",
      "       [ 6.9,  3.2,  5.7,  2.3],\n",
      "       [ 5.6,  2.8,  4.9,  2. ],\n",
      "       [ 7.7,  2.8,  6.7,  2. ],\n",
      "       [ 6.3,  2.7,  4.9,  1.8],\n",
      "       [ 6.7,  3.3,  5.7,  2.1],\n",
      "       [ 7.2,  3.2,  6. ,  1.8],\n",
      "       [ 6.2,  2.8,  4.8,  1.8],\n",
      "       [ 6.1,  3. ,  4.9,  1.8],\n",
      "       [ 6.4,  2.8,  5.6,  2.1],\n",
      "       [ 7.2,  3. ,  5.8,  1.6],\n",
      "       [ 7.4,  2.8,  6.1,  1.9],\n",
      "       [ 7.9,  3.8,  6.4,  2. ],\n",
      "       [ 6.4,  2.8,  5.6,  2.2],\n",
      "       [ 6.3,  2.8,  5.1,  1.5],\n",
      "       [ 6.1,  2.6,  5.6,  1.4],\n",
      "       [ 7.7,  3. ,  6.1,  2.3],\n",
      "       [ 6.3,  3.4,  5.6,  2.4],\n",
      "       [ 6.4,  3.1,  5.5,  1.8],\n",
      "       [ 6. ,  3. ,  4.8,  1.8],\n",
      "       [ 6.9,  3.1,  5.4,  2.1],\n",
      "       [ 6.7,  3.1,  5.6,  2.4],\n",
      "       [ 6.9,  3.1,  5.1,  2.3],\n",
      "       [ 5.8,  2.7,  5.1,  1.9],\n",
      "       [ 6.8,  3.2,  5.9,  2.3],\n",
      "       [ 6.7,  3.3,  5.7,  2.5],\n",
      "       [ 6.7,  3. ,  5.2,  2.3],\n",
      "       [ 6.3,  2.5,  5. ,  1.9],\n",
      "       [ 6.5,  3. ,  5.2,  2. ],\n",
      "       [ 6.2,  3.4,  5.4,  2.3],\n",
      "       [ 5.9,  3. ,  5.1,  1.8]]), array([0, 0, 0, 0, 0, 0, 0, 0, 0, 0, 0, 0, 0, 0, 0, 0, 0, 0, 0, 0, 0, 0, 0,\n",
      "       0, 0, 0, 0, 0, 0, 0, 0, 0, 0, 0, 0, 0, 0, 0, 0, 0, 0, 0, 0, 0, 0, 0,\n",
      "       0, 0, 0, 0, 1, 1, 1, 1, 1, 1, 1, 1, 1, 1, 1, 1, 1, 1, 1, 1, 1, 1, 1,\n",
      "       1, 1, 1, 1, 1, 1, 1, 1, 1, 1, 1, 1, 1, 1, 1, 1, 1, 1, 1, 1, 1, 1, 1,\n",
      "       1, 1, 1, 1, 1, 1, 1, 1, 2, 2, 2, 2, 2, 2, 2, 2, 2, 2, 2, 2, 2, 2, 2,\n",
      "       2, 2, 2, 2, 2, 2, 2, 2, 2, 2, 2, 2, 2, 2, 2, 2, 2, 2, 2, 2, 2, 2, 2,\n",
      "       2, 2, 2, 2, 2, 2, 2, 2, 2, 2, 2, 2]))\n"
     ]
    }
   ],
   "source": [
    "print(load_data())"
   ]
  },
  {
   "cell_type": "code",
   "execution_count": 62,
   "metadata": {
    "collapsed": true
   },
   "outputs": [],
   "source": [
    "def load_data2():\n",
    "\treturn datasets.load_iris(return_X_y=False)"
   ]
  },
  {
   "cell_type": "code",
   "execution_count": 63,
   "metadata": {},
   "outputs": [
    {
     "name": "stdout",
     "output_type": "stream",
     "text": [
      "{'data': array([[ 5.1,  3.5,  1.4,  0.2],\n",
      "       [ 4.9,  3. ,  1.4,  0.2],\n",
      "       [ 4.7,  3.2,  1.3,  0.2],\n",
      "       [ 4.6,  3.1,  1.5,  0.2],\n",
      "       [ 5. ,  3.6,  1.4,  0.2],\n",
      "       [ 5.4,  3.9,  1.7,  0.4],\n",
      "       [ 4.6,  3.4,  1.4,  0.3],\n",
      "       [ 5. ,  3.4,  1.5,  0.2],\n",
      "       [ 4.4,  2.9,  1.4,  0.2],\n",
      "       [ 4.9,  3.1,  1.5,  0.1],\n",
      "       [ 5.4,  3.7,  1.5,  0.2],\n",
      "       [ 4.8,  3.4,  1.6,  0.2],\n",
      "       [ 4.8,  3. ,  1.4,  0.1],\n",
      "       [ 4.3,  3. ,  1.1,  0.1],\n",
      "       [ 5.8,  4. ,  1.2,  0.2],\n",
      "       [ 5.7,  4.4,  1.5,  0.4],\n",
      "       [ 5.4,  3.9,  1.3,  0.4],\n",
      "       [ 5.1,  3.5,  1.4,  0.3],\n",
      "       [ 5.7,  3.8,  1.7,  0.3],\n",
      "       [ 5.1,  3.8,  1.5,  0.3],\n",
      "       [ 5.4,  3.4,  1.7,  0.2],\n",
      "       [ 5.1,  3.7,  1.5,  0.4],\n",
      "       [ 4.6,  3.6,  1. ,  0.2],\n",
      "       [ 5.1,  3.3,  1.7,  0.5],\n",
      "       [ 4.8,  3.4,  1.9,  0.2],\n",
      "       [ 5. ,  3. ,  1.6,  0.2],\n",
      "       [ 5. ,  3.4,  1.6,  0.4],\n",
      "       [ 5.2,  3.5,  1.5,  0.2],\n",
      "       [ 5.2,  3.4,  1.4,  0.2],\n",
      "       [ 4.7,  3.2,  1.6,  0.2],\n",
      "       [ 4.8,  3.1,  1.6,  0.2],\n",
      "       [ 5.4,  3.4,  1.5,  0.4],\n",
      "       [ 5.2,  4.1,  1.5,  0.1],\n",
      "       [ 5.5,  4.2,  1.4,  0.2],\n",
      "       [ 4.9,  3.1,  1.5,  0.1],\n",
      "       [ 5. ,  3.2,  1.2,  0.2],\n",
      "       [ 5.5,  3.5,  1.3,  0.2],\n",
      "       [ 4.9,  3.1,  1.5,  0.1],\n",
      "       [ 4.4,  3. ,  1.3,  0.2],\n",
      "       [ 5.1,  3.4,  1.5,  0.2],\n",
      "       [ 5. ,  3.5,  1.3,  0.3],\n",
      "       [ 4.5,  2.3,  1.3,  0.3],\n",
      "       [ 4.4,  3.2,  1.3,  0.2],\n",
      "       [ 5. ,  3.5,  1.6,  0.6],\n",
      "       [ 5.1,  3.8,  1.9,  0.4],\n",
      "       [ 4.8,  3. ,  1.4,  0.3],\n",
      "       [ 5.1,  3.8,  1.6,  0.2],\n",
      "       [ 4.6,  3.2,  1.4,  0.2],\n",
      "       [ 5.3,  3.7,  1.5,  0.2],\n",
      "       [ 5. ,  3.3,  1.4,  0.2],\n",
      "       [ 7. ,  3.2,  4.7,  1.4],\n",
      "       [ 6.4,  3.2,  4.5,  1.5],\n",
      "       [ 6.9,  3.1,  4.9,  1.5],\n",
      "       [ 5.5,  2.3,  4. ,  1.3],\n",
      "       [ 6.5,  2.8,  4.6,  1.5],\n",
      "       [ 5.7,  2.8,  4.5,  1.3],\n",
      "       [ 6.3,  3.3,  4.7,  1.6],\n",
      "       [ 4.9,  2.4,  3.3,  1. ],\n",
      "       [ 6.6,  2.9,  4.6,  1.3],\n",
      "       [ 5.2,  2.7,  3.9,  1.4],\n",
      "       [ 5. ,  2. ,  3.5,  1. ],\n",
      "       [ 5.9,  3. ,  4.2,  1.5],\n",
      "       [ 6. ,  2.2,  4. ,  1. ],\n",
      "       [ 6.1,  2.9,  4.7,  1.4],\n",
      "       [ 5.6,  2.9,  3.6,  1.3],\n",
      "       [ 6.7,  3.1,  4.4,  1.4],\n",
      "       [ 5.6,  3. ,  4.5,  1.5],\n",
      "       [ 5.8,  2.7,  4.1,  1. ],\n",
      "       [ 6.2,  2.2,  4.5,  1.5],\n",
      "       [ 5.6,  2.5,  3.9,  1.1],\n",
      "       [ 5.9,  3.2,  4.8,  1.8],\n",
      "       [ 6.1,  2.8,  4. ,  1.3],\n",
      "       [ 6.3,  2.5,  4.9,  1.5],\n",
      "       [ 6.1,  2.8,  4.7,  1.2],\n",
      "       [ 6.4,  2.9,  4.3,  1.3],\n",
      "       [ 6.6,  3. ,  4.4,  1.4],\n",
      "       [ 6.8,  2.8,  4.8,  1.4],\n",
      "       [ 6.7,  3. ,  5. ,  1.7],\n",
      "       [ 6. ,  2.9,  4.5,  1.5],\n",
      "       [ 5.7,  2.6,  3.5,  1. ],\n",
      "       [ 5.5,  2.4,  3.8,  1.1],\n",
      "       [ 5.5,  2.4,  3.7,  1. ],\n",
      "       [ 5.8,  2.7,  3.9,  1.2],\n",
      "       [ 6. ,  2.7,  5.1,  1.6],\n",
      "       [ 5.4,  3. ,  4.5,  1.5],\n",
      "       [ 6. ,  3.4,  4.5,  1.6],\n",
      "       [ 6.7,  3.1,  4.7,  1.5],\n",
      "       [ 6.3,  2.3,  4.4,  1.3],\n",
      "       [ 5.6,  3. ,  4.1,  1.3],\n",
      "       [ 5.5,  2.5,  4. ,  1.3],\n",
      "       [ 5.5,  2.6,  4.4,  1.2],\n",
      "       [ 6.1,  3. ,  4.6,  1.4],\n",
      "       [ 5.8,  2.6,  4. ,  1.2],\n",
      "       [ 5. ,  2.3,  3.3,  1. ],\n",
      "       [ 5.6,  2.7,  4.2,  1.3],\n",
      "       [ 5.7,  3. ,  4.2,  1.2],\n",
      "       [ 5.7,  2.9,  4.2,  1.3],\n",
      "       [ 6.2,  2.9,  4.3,  1.3],\n",
      "       [ 5.1,  2.5,  3. ,  1.1],\n",
      "       [ 5.7,  2.8,  4.1,  1.3],\n",
      "       [ 6.3,  3.3,  6. ,  2.5],\n",
      "       [ 5.8,  2.7,  5.1,  1.9],\n",
      "       [ 7.1,  3. ,  5.9,  2.1],\n",
      "       [ 6.3,  2.9,  5.6,  1.8],\n",
      "       [ 6.5,  3. ,  5.8,  2.2],\n",
      "       [ 7.6,  3. ,  6.6,  2.1],\n",
      "       [ 4.9,  2.5,  4.5,  1.7],\n",
      "       [ 7.3,  2.9,  6.3,  1.8],\n",
      "       [ 6.7,  2.5,  5.8,  1.8],\n",
      "       [ 7.2,  3.6,  6.1,  2.5],\n",
      "       [ 6.5,  3.2,  5.1,  2. ],\n",
      "       [ 6.4,  2.7,  5.3,  1.9],\n",
      "       [ 6.8,  3. ,  5.5,  2.1],\n",
      "       [ 5.7,  2.5,  5. ,  2. ],\n",
      "       [ 5.8,  2.8,  5.1,  2.4],\n",
      "       [ 6.4,  3.2,  5.3,  2.3],\n",
      "       [ 6.5,  3. ,  5.5,  1.8],\n",
      "       [ 7.7,  3.8,  6.7,  2.2],\n",
      "       [ 7.7,  2.6,  6.9,  2.3],\n",
      "       [ 6. ,  2.2,  5. ,  1.5],\n",
      "       [ 6.9,  3.2,  5.7,  2.3],\n",
      "       [ 5.6,  2.8,  4.9,  2. ],\n",
      "       [ 7.7,  2.8,  6.7,  2. ],\n",
      "       [ 6.3,  2.7,  4.9,  1.8],\n",
      "       [ 6.7,  3.3,  5.7,  2.1],\n",
      "       [ 7.2,  3.2,  6. ,  1.8],\n",
      "       [ 6.2,  2.8,  4.8,  1.8],\n",
      "       [ 6.1,  3. ,  4.9,  1.8],\n",
      "       [ 6.4,  2.8,  5.6,  2.1],\n",
      "       [ 7.2,  3. ,  5.8,  1.6],\n",
      "       [ 7.4,  2.8,  6.1,  1.9],\n",
      "       [ 7.9,  3.8,  6.4,  2. ],\n",
      "       [ 6.4,  2.8,  5.6,  2.2],\n",
      "       [ 6.3,  2.8,  5.1,  1.5],\n",
      "       [ 6.1,  2.6,  5.6,  1.4],\n",
      "       [ 7.7,  3. ,  6.1,  2.3],\n",
      "       [ 6.3,  3.4,  5.6,  2.4],\n",
      "       [ 6.4,  3.1,  5.5,  1.8],\n",
      "       [ 6. ,  3. ,  4.8,  1.8],\n",
      "       [ 6.9,  3.1,  5.4,  2.1],\n",
      "       [ 6.7,  3.1,  5.6,  2.4],\n",
      "       [ 6.9,  3.1,  5.1,  2.3],\n",
      "       [ 5.8,  2.7,  5.1,  1.9],\n",
      "       [ 6.8,  3.2,  5.9,  2.3],\n",
      "       [ 6.7,  3.3,  5.7,  2.5],\n",
      "       [ 6.7,  3. ,  5.2,  2.3],\n",
      "       [ 6.3,  2.5,  5. ,  1.9],\n",
      "       [ 6.5,  3. ,  5.2,  2. ],\n",
      "       [ 6.2,  3.4,  5.4,  2.3],\n",
      "       [ 5.9,  3. ,  5.1,  1.8]]), 'target': array([0, 0, 0, 0, 0, 0, 0, 0, 0, 0, 0, 0, 0, 0, 0, 0, 0, 0, 0, 0, 0, 0, 0,\n",
      "       0, 0, 0, 0, 0, 0, 0, 0, 0, 0, 0, 0, 0, 0, 0, 0, 0, 0, 0, 0, 0, 0, 0,\n",
      "       0, 0, 0, 0, 1, 1, 1, 1, 1, 1, 1, 1, 1, 1, 1, 1, 1, 1, 1, 1, 1, 1, 1,\n",
      "       1, 1, 1, 1, 1, 1, 1, 1, 1, 1, 1, 1, 1, 1, 1, 1, 1, 1, 1, 1, 1, 1, 1,\n",
      "       1, 1, 1, 1, 1, 1, 1, 1, 2, 2, 2, 2, 2, 2, 2, 2, 2, 2, 2, 2, 2, 2, 2,\n",
      "       2, 2, 2, 2, 2, 2, 2, 2, 2, 2, 2, 2, 2, 2, 2, 2, 2, 2, 2, 2, 2, 2, 2,\n",
      "       2, 2, 2, 2, 2, 2, 2, 2, 2, 2, 2, 2]), 'target_names': array(['setosa', 'versicolor', 'virginica'], \n",
      "      dtype='<U10'), 'DESCR': 'Iris Plants Database\\n====================\\n\\nNotes\\n-----\\nData Set Characteristics:\\n    :Number of Instances: 150 (50 in each of three classes)\\n    :Number of Attributes: 4 numeric, predictive attributes and the class\\n    :Attribute Information:\\n        - sepal length in cm\\n        - sepal width in cm\\n        - petal length in cm\\n        - petal width in cm\\n        - class:\\n                - Iris-Setosa\\n                - Iris-Versicolour\\n                - Iris-Virginica\\n    :Summary Statistics:\\n\\n    ============== ==== ==== ======= ===== ====================\\n                    Min  Max   Mean    SD   Class Correlation\\n    ============== ==== ==== ======= ===== ====================\\n    sepal length:   4.3  7.9   5.84   0.83    0.7826\\n    sepal width:    2.0  4.4   3.05   0.43   -0.4194\\n    petal length:   1.0  6.9   3.76   1.76    0.9490  (high!)\\n    petal width:    0.1  2.5   1.20  0.76     0.9565  (high!)\\n    ============== ==== ==== ======= ===== ====================\\n\\n    :Missing Attribute Values: None\\n    :Class Distribution: 33.3% for each of 3 classes.\\n    :Creator: R.A. Fisher\\n    :Donor: Michael Marshall (MARSHALL%PLU@io.arc.nasa.gov)\\n    :Date: July, 1988\\n\\nThis is a copy of UCI ML iris datasets.\\nhttp://archive.ics.uci.edu/ml/datasets/Iris\\n\\nThe famous Iris database, first used by Sir R.A Fisher\\n\\nThis is perhaps the best known database to be found in the\\npattern recognition literature.  Fisher\\'s paper is a classic in the field and\\nis referenced frequently to this day.  (See Duda & Hart, for example.)  The\\ndata set contains 3 classes of 50 instances each, where each class refers to a\\ntype of iris plant.  One class is linearly separable from the other 2; the\\nlatter are NOT linearly separable from each other.\\n\\nReferences\\n----------\\n   - Fisher,R.A. \"The use of multiple measurements in taxonomic problems\"\\n     Annual Eugenics, 7, Part II, 179-188 (1936); also in \"Contributions to\\n     Mathematical Statistics\" (John Wiley, NY, 1950).\\n   - Duda,R.O., & Hart,P.E. (1973) Pattern Classification and Scene Analysis.\\n     (Q327.D83) John Wiley & Sons.  ISBN 0-471-22361-1.  See page 218.\\n   - Dasarathy, B.V. (1980) \"Nosing Around the Neighborhood: A New System\\n     Structure and Classification Rule for Recognition in Partially Exposed\\n     Environments\".  IEEE Transactions on Pattern Analysis and Machine\\n     Intelligence, Vol. PAMI-2, No. 1, 67-71.\\n   - Gates, G.W. (1972) \"The Reduced Nearest Neighbor Rule\".  IEEE Transactions\\n     on Information Theory, May 1972, 431-433.\\n   - See also: 1988 MLC Proceedings, 54-64.  Cheeseman et al\"s AUTOCLASS II\\n     conceptual clustering system finds 3 classes in the data.\\n   - Many, many more ...\\n', 'feature_names': ['sepal length (cm)', 'sepal width (cm)', 'petal length (cm)', 'petal width (cm)']}\n"
     ]
    }
   ],
   "source": [
    "print(load_data2())"
   ]
  },
  {
   "cell_type": "code",
   "execution_count": 64,
   "metadata": {},
   "outputs": [],
   "source": [
    "    lr = LogisticRegression()\n",
    "    lr.fit(X,Y)\n",
    "    predicted_p = lr.predict_proba(X) #output"
   ]
  },
  {
   "cell_type": "code",
   "execution_count": 65,
   "metadata": {
    "collapsed": true
   },
   "outputs": [],
   "source": [
    "def multi_classification(X, Y):\n",
    "\t# input : X (features), shape:(number of samples, number of features)\n",
    "\t# input : binary_label (1 or 0), shape:(number of samples, )\n",
    "\t# output : probability to belong to that class, shape:(number of samples, \n",
    "    lr = LogisticRegression()\n",
    "    lr.fit(X, Y)\n",
    "    predicted_p = lr.predict_proba(X) #output\n",
    "\t\n",
    "    return predicted_p"
   ]
  },
  {
   "cell_type": "code",
   "execution_count": 66,
   "metadata": {
    "scrolled": false
   },
   "outputs": [
    {
     "name": "stdout",
     "output_type": "stream",
     "text": [
      "[[  8.79681649e-01   1.20307538e-01   1.08131372e-05]\n",
      " [  7.99706325e-01   2.00263292e-01   3.03825365e-05]\n",
      " [  8.53796795e-01   1.46177302e-01   2.59031285e-05]\n",
      " [  8.25383127e-01   1.74558937e-01   5.79356669e-05]\n",
      " [  8.97323628e-01   1.02665167e-01   1.12050036e-05]\n",
      " [  9.26986574e-01   7.30004562e-02   1.29693872e-05]\n",
      " [  8.95064974e-01   1.04895775e-01   3.92506205e-05]\n",
      " [  8.61839691e-01   1.38141399e-01   1.89095833e-05]\n",
      " [  8.03156719e-01   1.96758495e-01   8.47861140e-05]\n",
      " [  7.95421554e-01   2.04552763e-01   2.56832240e-05]\n",
      " [  8.92083069e-01   1.07910759e-01   6.17176870e-06]\n",
      " [  8.63364991e-01   1.36600589e-01   3.44201798e-05]\n",
      " [  7.88177618e-01   2.11794929e-01   2.74526810e-05]\n",
      " [  8.35079702e-01   1.64888155e-01   3.21426418e-05]\n",
      " [  9.28349898e-01   7.16491356e-02   9.66254924e-07]\n",
      " [  9.64535656e-01   3.54620850e-02   2.25877936e-06]\n",
      " [  9.40906153e-01   5.90890027e-02   4.84421830e-06]\n",
      " [  8.91740161e-01   1.08245661e-01   1.41772124e-05]\n",
      " [  8.96525617e-01   1.03467608e-01   6.77567332e-06]\n",
      " [  9.23615524e-01   7.63726510e-02   1.18248373e-05]\n",
      " [  8.30668332e-01   1.69316458e-01   1.52093733e-05]\n",
      " [  9.21914602e-01   7.80675598e-02   1.78384021e-05]\n",
      " [  9.26584671e-01   7.34068679e-02   8.46162713e-06]\n",
      " [  8.67785629e-01   1.32146178e-01   6.81931916e-05]\n",
      " [  8.41271506e-01   1.58655904e-01   7.25903122e-05]\n",
      " [  7.77263282e-01   2.22695181e-01   4.15365716e-05]\n",
      " [  8.81389224e-01   1.18568969e-01   4.18075826e-05]\n",
      " [  8.69974782e-01   1.30013638e-01   1.15794893e-05]\n",
      " [  8.60034106e-01   1.39955486e-01   1.04082979e-05]\n",
      " [  8.32052869e-01   1.67892968e-01   5.41625519e-05]\n",
      " [  8.07811588e-01   1.92136477e-01   5.19350231e-05]\n",
      " [  8.72544939e-01   1.27438925e-01   1.61360155e-05]\n",
      " [  9.33948477e-01   6.60477336e-02   3.78900866e-06]\n",
      " [  9.46250501e-01   5.37475145e-02   1.98493064e-06]\n",
      " [  7.95421554e-01   2.04552763e-01   2.56832240e-05]\n",
      " [  8.47610513e-01   1.52377535e-01   1.19520539e-05]\n",
      " [  8.70019435e-01   1.29976367e-01   4.19728170e-06]\n",
      " [  7.95421554e-01   2.04552763e-01   2.56832240e-05]\n",
      " [  8.31024910e-01   1.68917216e-01   5.78737851e-05]\n",
      " [  8.57737250e-01   1.42246900e-01   1.58501104e-05]\n",
      " [  9.00222082e-01   9.97646975e-02   1.32206853e-05]\n",
      " [  6.90741687e-01   3.09094698e-01   1.63615590e-04]\n",
      " [  8.66068303e-01   1.33887708e-01   4.39884356e-05]\n",
      " [  9.16308833e-01   8.36288777e-02   6.22895883e-05]\n",
      " [  9.15519114e-01   8.44392129e-02   4.16734713e-05]\n",
      " [  8.20309627e-01   1.79642381e-01   4.79919885e-05]\n",
      " [  9.09855663e-01   9.01327650e-02   1.15724381e-05]\n",
      " [  8.51214451e-01   1.48746052e-01   3.94971199e-05]\n",
      " [  8.95519736e-01   1.04472911e-01   7.35323849e-06]\n",
      " [  8.51563342e-01   1.48419676e-01   1.69821772e-05]\n",
      " [  2.98900777e-02   8.60393138e-01   1.09716785e-01]\n",
      " [  3.74487166e-02   7.05572459e-01   2.56978825e-01]\n",
      " [  1.17957675e-02   7.48252356e-01   2.39951876e-01]\n",
      " [  1.32920493e-02   6.51770445e-01   3.34937506e-01]\n",
      " [  1.09868088e-02   6.98832091e-01   2.90181101e-01]\n",
      " [  1.07669519e-02   5.83013186e-01   4.06219862e-01]\n",
      " [  2.15200540e-02   5.37732882e-01   4.40747064e-01]\n",
      " [  1.08418544e-01   7.68766189e-01   1.22815267e-01]\n",
      " [  1.77270021e-02   8.27562690e-01   1.54710308e-01]\n",
      " [  3.30493839e-02   5.28708770e-01   4.38241846e-01]\n",
      " [  2.93117962e-02   7.72717609e-01   1.97970595e-01]\n",
      " [  4.09569813e-02   6.19765980e-01   3.39277039e-01]\n",
      " [  1.95378252e-02   8.79697992e-01   1.00764183e-01]\n",
      " [  8.73285529e-03   5.96503817e-01   3.94763328e-01]\n",
      " [  1.67434866e-01   7.12756209e-01   1.19808925e-01]\n",
      " [  4.75535678e-02   8.43626581e-01   1.08819852e-01]\n",
      " [  1.22530319e-02   4.23869480e-01   5.63877488e-01]\n",
      " [  3.84753639e-02   8.50175432e-01   1.11349204e-01]\n",
      " [  3.09968794e-03   5.96264678e-01   4.00635634e-01]\n",
      " [  3.59781700e-02   8.08752206e-01   1.55269624e-01]\n",
      " [  6.20745751e-03   2.73106189e-01   7.20686354e-01]\n",
      " [  5.81151228e-02   8.19701311e-01   1.22183566e-01]\n",
      " [  1.95840574e-03   5.33800891e-01   4.64240703e-01]\n",
      " [  8.77628703e-03   7.04654010e-01   2.86569703e-01]\n",
      " [  3.69274341e-02   8.38990091e-01   1.24082475e-01]\n",
      " [  3.61807169e-02   8.28744840e-01   1.35074443e-01]\n",
      " [  8.14489700e-03   7.77156946e-01   2.14698157e-01]\n",
      " [  4.64006697e-03   5.23164549e-01   4.72195384e-01]\n",
      " [  1.33500103e-02   5.63205976e-01   4.23444014e-01]\n",
      " [  1.28473017e-01   8.31361691e-01   4.01652917e-02]\n",
      " [  3.60902230e-02   8.03217466e-01   1.60692311e-01]\n",
      " [  5.05096042e-02   8.46149445e-01   1.03340951e-01]\n",
      " [  5.69724571e-02   8.11250984e-01   1.31776559e-01]\n",
      " [  1.22453086e-03   3.99201919e-01   5.99573550e-01]\n",
      " [  1.03123407e-02   3.65034695e-01   6.24652965e-01]\n",
      " [  4.17476538e-02   4.77844283e-01   4.80408063e-01]\n",
      " [  1.90525287e-02   7.45629538e-01   2.35317933e-01]\n",
      " [  7.05352060e-03   7.56932682e-01   2.36013798e-01]\n",
      " [  5.57541864e-02   6.67410837e-01   2.76834977e-01]\n",
      " [  2.10790319e-02   6.62362244e-01   3.16558724e-01]\n",
      " [  8.98003281e-03   5.99716389e-01   3.91303578e-01]\n",
      " [  1.52196906e-02   6.32329159e-01   3.52451150e-01]\n",
      " [  3.47695685e-02   7.98625645e-01   1.66604786e-01]\n",
      " [  9.15416570e-02   7.95877151e-01   1.12581192e-01]\n",
      " [  1.98418694e-02   6.40871800e-01   3.39286330e-01]\n",
      " [  4.81040905e-02   7.31039981e-01   2.20855929e-01]\n",
      " [  3.44565240e-02   6.77463657e-01   2.88079819e-01]\n",
      " [  3.38822929e-02   7.96899915e-01   1.69217792e-01]\n",
      " [  2.54574647e-01   6.90791330e-01   5.46340233e-02]\n",
      " [  3.63488963e-02   7.04234211e-01   2.59416893e-01]\n",
      " [  1.86036022e-04   1.48760823e-01   8.51053141e-01]\n",
      " [  8.09069371e-04   2.94422745e-01   7.04768186e-01]\n",
      " [  2.78126551e-04   3.30535386e-01   6.69186488e-01]\n",
      " [  4.56288643e-04   3.38732197e-01   6.60811514e-01]\n",
      " [  2.51393977e-04   2.57092194e-01   7.42656412e-01]\n",
      " [  6.03186905e-05   3.82744333e-01   6.17195349e-01]\n",
      " [  2.04838186e-03   2.81103453e-01   7.16848165e-01]\n",
      " [  1.23247784e-04   4.24393655e-01   5.75483097e-01]\n",
      " [  1.59929758e-04   4.23195996e-01   5.76644074e-01]\n",
      " [  3.56390886e-04   1.52542892e-01   8.47100717e-01]\n",
      " [  2.99635433e-03   2.78024684e-01   7.18978962e-01]\n",
      " [  6.45242833e-04   3.55681241e-01   6.43673516e-01]\n",
      " [  6.81029987e-04   2.98859721e-01   7.00459249e-01]\n",
      " [  6.28418142e-04   2.96807692e-01   7.02563890e-01]\n",
      " [  6.10997845e-04   1.74593604e-01   8.24795398e-01]\n",
      " [  1.09757190e-03   1.73257823e-01   8.25644605e-01]\n",
      " [  7.99254871e-04   3.48929847e-01   6.50270898e-01]\n",
      " [  1.93443479e-04   2.38473708e-01   7.61332849e-01]\n",
      " [  1.30064976e-05   4.20137191e-01   5.79849802e-01]\n",
      " [  6.81548718e-04   4.69975854e-01   5.29342597e-01]\n",
      " [  5.04477452e-04   2.25292722e-01   7.74202801e-01]\n",
      " [  1.33913767e-03   2.30143290e-01   7.68517573e-01]\n",
      " [  3.82097113e-05   4.28006955e-01   5.71954836e-01]\n",
      " [  2.05299242e-03   4.00421888e-01   5.97525119e-01]\n",
      " [  6.77847072e-04   2.37204010e-01   7.62118143e-01]\n",
      " [  4.56383243e-04   3.97527741e-01   6.02015876e-01]\n",
      " [  3.19858866e-03   3.83866887e-01   6.12934525e-01]\n",
      " [  3.42364119e-03   3.27541103e-01   6.69035256e-01]\n",
      " [  3.00544917e-04   2.98288662e-01   7.01410793e-01]\n",
      " [  6.78376797e-04   5.10705151e-01   4.88616472e-01]\n",
      " [  1.61719140e-04   4.27941843e-01   5.71896438e-01]\n",
      " [  6.44775841e-04   3.44845359e-01   6.54509865e-01]\n",
      " [  2.75279882e-04   2.78027400e-01   7.21697320e-01]\n",
      " [  2.07731418e-03   4.90652652e-01   5.07270034e-01]\n",
      " [  3.54683506e-04   4.42580814e-01   5.57064503e-01]\n",
      " [  1.82017584e-04   3.42008155e-01   6.57809828e-01]\n",
      " [  6.30908753e-04   1.28602511e-01   8.70766580e-01]\n",
      " [  9.21940559e-04   3.20888055e-01   6.78190005e-01]\n",
      " [  4.29311663e-03   3.18426266e-01   6.77280618e-01]\n",
      " [  1.16680587e-03   3.00989509e-01   6.97843685e-01]\n",
      " [  4.46290865e-04   2.02461924e-01   7.97091785e-01]\n",
      " [  2.15227432e-03   2.48822456e-01   7.49025270e-01]\n",
      " [  8.09069371e-04   2.94422745e-01   7.04768186e-01]\n",
      " [  2.91162367e-04   2.24919706e-01   7.74789132e-01]\n",
      " [  4.50477099e-04   1.53984748e-01   8.45564775e-01]\n",
      " [  1.15724730e-03   2.33616548e-01   7.65226205e-01]\n",
      " [  9.19025197e-04   3.79220387e-01   6.19860588e-01]\n",
      " [  1.45811816e-03   2.98379693e-01   7.00162189e-01]\n",
      " [  1.09779827e-03   1.31785617e-01   8.67116585e-01]\n",
      " [  1.68397530e-03   2.81057800e-01   7.17258224e-01]]\n"
     ]
    }
   ],
   "source": [
    "print(multi_classification(X,Y))"
   ]
  },
  {
   "cell_type": "code",
   "execution_count": 67,
   "metadata": {},
   "outputs": [
    {
     "ename": "NameError",
     "evalue": "name 'multi_clasification' is not defined",
     "output_type": "error",
     "traceback": [
      "\u001b[0;31m---------------------------------------------------------------------------\u001b[0m",
      "\u001b[0;31mNameError\u001b[0m                                 Traceback (most recent call last)",
      "\u001b[0;32m<ipython-input-67-ba6d5d949899>\u001b[0m in \u001b[0;36m<module>\u001b[0;34m()\u001b[0m\n\u001b[0;32m----> 1\u001b[0;31m \u001b[0mvalues\u001b[0m \u001b[0;34m=\u001b[0m \u001b[0mmulti_clasification\u001b[0m\u001b[0;34m(\u001b[0m\u001b[0mX\u001b[0m\u001b[0;34m,\u001b[0m\u001b[0mY\u001b[0m\u001b[0;34m)\u001b[0m\u001b[0;34m\u001b[0m\u001b[0m\n\u001b[0m\u001b[1;32m      2\u001b[0m \u001b[0;32mfor\u001b[0m \u001b[0mi\u001b[0m \u001b[0;32min\u001b[0m \u001b[0mvalues\u001b[0m\u001b[0;34m:\u001b[0m\u001b[0;34m\u001b[0m\u001b[0m\n\u001b[1;32m      3\u001b[0m     \u001b[0;32mreturn\u001b[0m \u001b[0mi\u001b[0m\u001b[0;34m.\u001b[0m\u001b[0mmax\u001b[0m\u001b[0;34m(\u001b[0m\u001b[0;34m)\u001b[0m\u001b[0;34m\u001b[0m\u001b[0m\n\u001b[1;32m      4\u001b[0m \u001b[0mprint\u001b[0m\u001b[0;34m(\u001b[0m\u001b[0mvalues\u001b[0m\u001b[0;34m)\u001b[0m\u001b[0;34m\u001b[0m\u001b[0m\n",
      "\u001b[0;31mNameError\u001b[0m: name 'multi_clasification' is not defined"
     ]
    }
   ],
   "source": [
    "values = multi_clasification(X,Y)\n",
    "for i in values:\n",
    "    return i.max()\n",
    "print(values)    "
   ]
  },
  {
   "cell_type": "code",
   "execution_count": null,
   "metadata": {},
   "outputs": [],
   "source": [
    "print(Y)"
   ]
  },
  {
   "cell_type": "code",
   "execution_count": null,
   "metadata": {},
   "outputs": [],
   "source": [
    "import numpy as np\n",
    "tmp =[]\n",
    "for i in multi_classification(X,Y):\n",
    "    tmp.append((i.max().index())\n",
    "print(tmp)"
   ]
  },
  {
   "cell_type": "code",
   "execution_count": null,
   "metadata": {},
   "outputs": [],
   "source": [
    "tmp = np.amax(Y,axis=1)"
   ]
  },
  {
   "cell_type": "code",
   "execution_count": null,
   "metadata": {
    "collapsed": true
   },
   "outputs": [],
   "source": [
    "from sklearn.metrics import accuracy_score\n",
    "accuracy = accuracy_score(Y, Y_pred)\n",
    "return accuracy"
   ]
  }
 ],
 "metadata": {
  "kernelspec": {
   "display_name": "Python 3",
   "language": "python",
   "name": "python3"
  },
  "language_info": {
   "codemirror_mode": {
    "name": "ipython",
    "version": 3
   },
   "file_extension": ".py",
   "mimetype": "text/x-python",
   "name": "python",
   "nbconvert_exporter": "python",
   "pygments_lexer": "ipython3",
   "version": "3.6.1"
  }
 },
 "nbformat": 4,
 "nbformat_minor": 2
}
